  File: /data/mephi-web/
  Size: 4096      	Blocks: 8          IO Block: 4096   directory
Device: 259,0	Inode: 2           Links: 3
Access: (2775/drwxrwsr-x)  Uid: ( 1000/mephi-admin)   Gid: ( 1001/mephi-devs)
Context: system_u:object_r:unlabeled_t:s0
Access: 2026-03-31 09:52:29.000000000 -0400
Modify: 2026-03-31 09:52:29.000000000 -0400
Change: 2026-03-31 10:03:14.639773112 -0400
 Birth: 2026-03-31 09:52:29.000000000 -0400
